INDEX LIBRORVM

3333 adhibuerunt 1137. 11733. 1133. 33333733.

17011178 969. 6. 70,10 (cs. 3313). 87 (37
Hieron mo).

0101111 11733784.

0377111478 Mer. 3. 4, 30? 0733711227
VIII 5737 IX 9096 1133. 6. 14, 3.

mxmmmmmmmm
07. 6. 940. 377. 399. 471. 463. 467. 670. 694.
1311511613. 67. 131. VI 73. 711131. 147. 193.
969. 393. 394. IX 194. 14373. 360. or. 240.

LVORETIVS 1171331110. 74. 7906. VIII 275. 810. 839.

4337 1Χ137
SALLVSTIVS Drac.1‚3677
VERGILIVS passim.

1113773313 133.1,373(31733.334.33,1).
313173 1966. 3. 407. 1136. VIII906. 171
mmmmmfflae

1101131178 11733344. 333277. I 8. VIII HOMERVS 11733. 7111204. IX 38. 11526.

507. 535. 638? Or. 350. 37301ιό31. 286,12 et
Taius 3. 299, 12 3373 3313.

PROPERTIVS 1137337. 11733358. 71173.

TIBVLLVS ?(6f. IX 60 cum 1373. 1, 10, 53).

OVIDIVS 1137. 3. 1, 21 (cf. 03. 7333. 2, 495).
Drae. 1, 393. 9, 379. 306. 441. 459. 633. 3, 991.
339. 376. 647. 903. 38. 72. 258. 119. 101.112.
7181. 71 4. 71138151. 7111109. 254. 297.
300. 379. 435. 436. 490. 614. 623. IX 93. X 1.
13. 38. 59. 258. 268. 661. 562. Or. 12. 66. 178.
221. 223. 933. 581. 792. 797. 815. 940.

MANILIVS 7326.

03ὲΡ71117178 0133331. poet. 66 (cs. 0373.
3 ,6, 38.

LVCAN S 11137. 3. 4, 44. 11733. 1,45. 46. 289.
433. 693 (cf. 7133). 9, 469 (cs. Luc. 3, 446).
2, 478. 010. 637. 3,33. 152. 807. 67. 1199. VI.
32. 200. 206. 310. VIII 282. 434. 479. IX 18.
23. 26. 116. 187. Χ 272. 368. 413. 431. Or. 64.
98. 143. 176. 189. 273. 279. 396. 403. 607. 532.
784. 337. 337. [731.

PE'IRONIVS 11733. 1, 398. Euy. 6. 37,1.

PERSIVS 11733. 1, 502. 1133. 6. praes. 6. 6. 3337.

SENECA 1966: Or. 969. 265. 7733717 07. 259. 271.

3317371. 37314 (Haase III p. 421 636 mamm:
1137. 3733. Ι Α 733 ,

7314. 71430078 IX 39.
87311178 303337 Mer. 6. 4 passim. (33331357)
117331117. 7111224.

17731..Ι Mer. poet. 33153. 11733. 3276. 508. 668.
2, 456. 3,19. 93. 262 nominatur Statius. 904.
409. 410. 414. 450. 484. 507. 1199109. 140.
71 91. 7111116. 131. 559. 581. 582. IX 112.

Or. 860.

1778173118 11733. 2, 398. 322. 444. 3, 69. 87
‘sententia 071966' (= 166. 8, 83). 387. 473. 745.
sal. 16. V183. 7111999. 433. X 301. 446. 479
(cs. 3 133. 3, 33) 697. 0r. 937 (166. 6, 937). 049.
906. 1019. 6. app. 26, 1 (133. 3, 27 33.)

001111011131778 11733. 3,118.

NEMESIANVS 1116.

IVVENCVS Mer. 0666. 2 (cs. 133. 4, 479).
0733. 3, 690. 737. (71113337) 11333 731.
CLAVDIANVS 11662160391114606. 39. 40.
34. 166. 06733. passim. 117331, 79. 143. 607.
3, 406. 640. 3137 (cf. 0733333143). 433. 697.
331. 294. 275. 1171. 76. 1113. 7123. 7175.
112. 71169. VIII 86. 358. X 175. 976. 296.
4396338338·191323Ξῖ3373

33. , . . 3. .

7371711778 1701731778 1137. 013733. 20 (cf.
Paul. Nol. 6. 22, 143). 11733. 2, 703. 3, 488.

378017178 Ε33. 6. 97,1 (67. 113333. 167,1).

PROSPER 11733. 3, 29. 1033. 6. 93.

0113711178Μ311178710109313373711733.

δέ’ὓζῗέᾔὸ 11703. 2, 1. 24. 93. 278. 3, 426. Eua.
6. , .

PS. 378017178 33 tem 3337336373 3337333733
(p. 406 P): 11733. 111901.

3330337033 Drac. 9, 33. 34. 133. 696. 71

611550131335123333'1, 133. 199. 1933. 6. 913
(compara 87033. 33737. 9, 16, 3 3373. 81333). 73373
33733315 (3333 ad p. 290,12 33331373 837373
epist. 9, 16, 4).

 

