IV. INDEX REI ORTHOGRAPHICAE.

I. 119 Merobaudis
9911199 S 1191111908 91999. V- VI.

99191919113119111 9991911119, 9111999919111-
1119191191 911 miranda 91111911 amm
Pmigsffiffla Manem 11111111 999119
1111111015 110· Wssatprobusotque
331133 m 1119999991
19ιὲ {gammam 9919191111 999 1991191111
999911999199919919119111119199991111999Ἣ37
339919991- 184, ⁰⁶1 mm hspqd. 183, 1119111199.
9991. 191. 1119191. 191. 9911999999· mmo
(63311311913111Ηρπωαι1999991919111919191
‘’m'‘ 999 ita pam 1919 atque 911199 91919

9119911119 91191999 1119911911. 99199 991199119999 911 911199199119 91111111 1131911199

unam 91111199 99111111111111111111,991111 hae:

991911. 1,1 eonem-dm&
11 1191911
1611911 919911919191119

aemonio 111 199 991991 9991991111,

1199919911 9111111191

4,11 19111111
40 9019111 9911. 111· -les (β)

41 hm

9911191991116919119

1 Β 11 1119111191

1119 9991911111ι

subm
10 9191111
3011119
. 3Β1 9119111119
3191919 9191191999· 9919911 9119199119
d 111111 1111991 9111111119
11 regei Ι 9119191

34 1911113119911

9919. 9991. 17 'effidem 1911111119
61 119991911191

66 parens
61 puppe corr. 111 rupe
31 1199111119

100 mannia
101 cursus

104 9119119119

103 {esspehere

senua

110 9111111191· 11191119·
133 repimus
131 1991311191

166 natura
163 1191911 9911. 111 -ex (β)

1111111111 91
166 gazin 9911. 191 cadit
170 111191

119 testa

136 11111

vitia 11991 99119919 911111 duo: 9. 1, 31 1199119111
9191199111ς 4,1391 919 est, 9). 9119919991. 37919-

9119111191.
ubique 99111 99119191. mm

1199919 19111911

eae. 9.,34991119111,(4,..499913) 37991119-
111911199 91 99911911 11911119, 91 9191111111919119-
199919191199913199119, 36 1911191 4191119 9).

9191. 3110 9191111919, 3 9119111191.

91999119119911191 93319111 (91999133 1199119),
4,3111911991111, 4,31]1)111(91(9991.7 ybnn),
1,16 19111ιά91 (1111, 13 1119119), 9191. 3133 11111111-
19111,9991. 33 1111119111 (91 9991. 33 11199191111191,
46 tnumphorum), 9991. 33 1119911, 60 111191,33
991]1)9111,1341]111111,661911199, 76 faretras (30.
136),13799]11919(9119]111-991133331619).
9119919. 3,,1911191111111 9199. 3133111999, 3Β11
gothorum, 9991. 6111911111, 161]π1191111,6399911]-
111199111999991119119111919911919911111911199116
9911191119, 91 19919 9991919 1991911919 9. 3, 4 1119199111,
4,3 hederae, 4,3191111911, 9991. 1131191911, 34
honos 9199. 3 1134 horrore, 66 919(131),106ο11111
91 9111111111, 9111119 91991 probabilis 991 119199919111
9911991119, qua 9991. 107 11191111111991911111191
19919 911999 9991. 163 cohors. 911111 99119119 991

9199.1161111919111,1191191911.

].·19199111111 9.,130111]111919, 3, 791]119111, 4,30
91191119 1]111·11(.9991 7 11]9119),9991.99
nep 33911]1)9111,1341]111111,13799]11911
(19 -33.33.76),161]ιτ1191119. 11119191 163
91]99119191199191991119119911199,9911991191911,·
1091ω113914,4111131]ω,3111ἢ101131ᾱ3131011111
911 9919199 1991119.
119 9991999119911919119111, ,1113111-
1Ἲ191ῗ11ῗ 3131311311119

9991. 1391991119 9199. 131199119911111, 313

conlate„ 311 31 9919191111, 9991. 36 eonp’leuerat,

 

